1.072019797180520095e+00
1.020551374937248346e+00
1.145544679691501422e+00
1.020214124925374000e+00
1.195593854007580781e+00
1.333198871890064030e+00
1.027782018435014821e+00
1.096118187983301295e+00
1.027552542617298448e+00
1.068620170078676823e+00
1.129204440041721824e+00
1.039591665671208975e+00
1.076390915314655139e+00
1.317762846637646312e+00
1.116637701615389444e+00
1.113508373114608707e+00
1.080482565774423920e+00
1.111361404116532059e+00
1.140311190185145485e+00
1.223373260680860053e+00
1.198998274876190262e+00
1.058052682874142780e+00
1.100545117677682594e+00
1.181144746788977518e+00
1.028818384378304973e+00
1.038079914049822250e+00
1.299396615317712778e+00
1.090301946770183106e+00
1.063587066610223175e+00
1.004849150405497715e+00
1.120336627725170064e+00
1.020527095211260393e+00
1.087285378129875912e+00
1.084405485681593229e+00
1.060557267748082122e+00
1.086393938959110406e+00
1.044764963513022504e+00
1.009934360637597006e+00
1.039586933014827075e+00
1.083522126123675822e+00
1.072317606602930518e+00
1.073793716649266150e+00
1.069925411132382154e+00
1.064418923732965760e+00
1.140369726921285576e+00
1.033768791904911888e+00
1.027093641514727373e+00
1.129451871079954817e+00
1.050177592241133828e+00
1.128654090401121746e+00
1.123867287172201967e+00
