1.333735784537111391e+00
1.077650291169128582e+00
1.236713390875284091e+00
1.063170955635902581e+00
1.190489756190995507e+00
1.033957760155027383e+00
1.060083349859873847e+00
1.063285290970424679e+00
1.116795336822253626e+00
1.177214353185964013e+00
1.171084875116102708e+00
1.144241328425095627e+00
1.074264822927385232e+00
1.095376534182923800e+00
1.167425660618971683e+00
1.181080652393831754e+00
1.144258194670839668e+00
1.206874167053355373e+00
1.336152662643588895e+00
1.104096687523743459e+00
1.446346415832198362e+00
1.231441726409857162e+00
1.167952345582047080e+00
1.034448299295766649e+00
1.116690112298832638e+00
1.076819969398733923e+00
1.234525252693031261e+00
1.021560017629473904e+00
1.243497385414702228e+00
1.036834113541506230e+00
1.012445996071126064e+00
1.158036571691835936e+00
1.082942440014875940e+00
1.032614417723054068e+00
1.131676540006772536e+00
1.150936299001307228e+00
1.129456488634808409e+00
1.078818455312342328e+00
1.267110321116922123e+00
1.061551625719590941e+00
1.120394255131127004e+00
1.048464859922949799e+00
1.166280038612857783e+00
1.067562675365237412e+00
1.071710302381177149e+00
1.169303798747793000e+00
1.190533414874655804e+00
1.144730119349963493e+00
1.097628637600177148e+00
1.126519081128105837e+00
1.186127694796005105e+00
