1.426800274034239369e+00
1.162119710005740547e+00
1.237001898575787573e+00
1.340608061420324404e+00
1.367932716893377698e+00
1.140501392267619929e+00
1.047804373445598403e+00
1.221210483286032433e+00
1.245082869365700784e+00
1.083321158233980785e+00
1.376652928697081890e+00
1.274297322445380631e+00
1.127500944179979259e+00
1.147159881088806621e+00
1.248904772489944692e+00
1.095330043467916514e+00
1.494282401969522445e+00
1.145308362397511770e+00
1.728332547083192949e+00
1.021810519151613583e+00
1.074359830721973941e+00
1.590504671080179344e+00
1.189646525878452987e+00
1.159933143211874462e+00
1.527578778832988649e+00
1.461466581858797742e+00
1.664410219291660997e+00
1.423658398881920029e+00
1.406652371700958026e+00
1.148107309349088334e+00
1.485748038072786548e+00
1.430730143643046626e+00
1.075449077871091230e+00
1.139271244780739600e+00
1.227633271210452071e+00
1.230309214934563355e+00
1.313972574322313180e+00
1.257153940319441610e+00
1.989777394684763001e+00
1.047488305865800662e+00
1.210460502216266221e+00
1.191189067162850446e+00
1.175324137315436612e+00
1.418872246360304512e+00
1.379495793237749401e+00
1.208050553841847341e+00
1.353533996364957304e+00
1.241205661970581797e+00
1.354959273432663647e+00
1.417163243427122854e+00
1.233200272498797379e+00
