1.201553354875832591e+00
1.069364164128762118e+00
1.226936357648130027e+00
1.016129861152840208e+00
1.162054104638686303e+00
1.393837612755713939e+00
1.075749800428868808e+00
1.108856861252633941e+00
1.067451835676339611e+00
1.050216274310299180e+00
1.067805074831798873e+00
1.090134538049588153e+00
1.115835103849936116e+00
1.294801554867887505e+00
1.120998910946355398e+00
1.105086382242565390e+00
1.104129593003375653e+00
1.284960631747959159e+00
1.120264258814737790e+00
1.087540798313601398e+00
1.163621637836067535e+00
1.015187095234466153e+00
1.119937847623085236e+00
1.199806078931144881e+00
1.068517433547953255e+00
1.050940487572966431e+00
1.234004878534946004e+00
1.314053724147418611e+00
1.095829064104429929e+00
1.120028559659211220e+00
1.130579971504948489e+00
1.017536863743238484e+00
1.274402825118529314e+00
1.155503245951706726e+00
1.042242334936655856e+00
1.188465218535717849e+00
1.112346613070989143e+00
1.020078468798295779e+00
1.025159944549486335e+00
1.065648870672214699e+00
1.117655713849263321e+00
1.054775328404682799e+00
1.047609315022445031e+00
1.076297598240832043e+00
1.151441780620465316e+00
1.092053944436918611e+00
1.019650667799648192e+00
1.231168082536938657e+00
1.111163276658699184e+00
1.076503234247018437e+00
1.261531064026803595e+00
