1.047693263774229999e+00
1.015071802690808322e+00
1.129403538208704649e+00
1.100478052806465046e+00
1.114272424859298338e+00
1.134761163803364559e+00
1.025243012456838798e+00
1.149740734197741032e+00
1.034310056729767169e+00
1.039957289101481885e+00
1.069972365930883962e+00
1.039091347707919333e+00
1.080023163257364249e+00
1.076985482862426347e+00
1.051456244333780043e+00
1.054210785536114470e+00
1.033825965189826723e+00
1.135160495501448041e+00
1.061524683664699653e+00
1.099176756436609059e+00
1.070103424147431870e+00
1.042917851943611973e+00
1.053716605430284003e+00
1.058425835355345734e+00
1.069008687235249111e+00
1.024247787382973174e+00
1.230050574882574299e+00
1.099379734359859917e+00
1.142242829189152875e+00
1.074605596488928283e+00
1.095391487664656660e+00
1.077259962500362045e+00
1.030274898803437811e+00
1.052428527077346576e+00
1.046794747763942324e+00
1.059124501313571942e+00
1.047709850074527438e+00
1.043007204598643378e+00
1.040114232707199271e+00
1.108222332029044521e+00
1.012783085529231686e+00
1.064573758388697389e+00
1.031722164201101632e+00
1.049114236311890602e+00
1.034994121926579913e+00
1.028300473684658600e+00
1.004178729374759271e+00
1.002480466051651753e+00
1.065182527749197083e+00
1.067152887025979657e+00
1.074853437048652216e+00
