1.257559030493590191e+00
1.041690726189439919e+00
1.132477963905430984e+00
1.197687444489305753e+00
1.215712590384568248e+00
1.185277419610805127e+00
1.158028117900845588e+00
1.068246781973117843e+00
1.130260600850949482e+00
1.181787634687618604e+00
1.059462666855063517e+00
1.208903366864326756e+00
1.120750004460896454e+00
1.102975373504621714e+00
1.048459280338948751e+00
1.009311848986004456e+00
1.036093495889873317e+00
1.202637982938242978e+00
1.106686409262118254e+00
1.065872823890852361e+00
1.032313695219632566e+00
1.087436764158114411e+00
1.169876758305909981e+00
1.271766555402125132e+00
1.328587668080829953e+00
1.257040890128276800e+00
1.130322191291337264e+00
1.235638455497585442e+00
1.106888930515154135e+00
1.027575598245768829e+00
1.074772930629966039e+00
1.055752413781631427e+00
1.103201640668509231e+00
1.143223692018912274e+00
1.053432933967864749e+00
1.333819196462326717e+00
1.067533748242953218e+00
1.101558934863257955e+00
1.023824145854316026e+00
1.024008794141666234e+00
1.087965817471891805e+00
1.140833399445626339e+00
1.141061491954747042e+00
1.324260243242227020e+00
1.087815885305383867e+00
1.144252237851245413e+00
1.043532390110675001e+00
1.083610510216008516e+00
1.017273823775465491e+00
1.069509903780773374e+00
1.312407498916905002e+00
