1.035205690339459084e+00
1.011185883132379226e+00
1.051406187808353820e+00
1.044016369332976035e+00
1.081473947148259063e+00
1.139565192030453478e+00
1.046083627793093829e+00
1.064487838542877984e+00
1.034300970699609579e+00
1.058133525738714997e+00
1.024671360065267045e+00
1.037201376303951372e+00
1.062097659593261856e+00
1.057778364372619739e+00
1.060936756326700259e+00
1.042201211364770952e+00
1.028747206455453700e+00
1.055353516909003142e+00
1.106356965525320701e+00
1.033864508913092672e+00
1.034082596718438829e+00
1.027835255589128582e+00
1.052506999733344495e+00
1.059087725653758749e+00
1.053795775917260036e+00
1.030043091389605259e+00
1.184098972483554668e+00
1.110678425269169489e+00
1.071887202887269019e+00
1.085422748351441147e+00
1.055581228263422267e+00
1.088132692493293030e+00
1.048197017038538625e+00
1.041237641139193482e+00
1.040466432564620680e+00
1.066748581088019510e+00
1.044561384438839724e+00
1.059639150825379073e+00
1.045236556823621266e+00
1.039108173050620421e+00
1.011846269104566653e+00
1.075758826461862272e+00
1.039533188143948017e+00
1.077124916168697988e+00
1.009265411242727728e+00
1.082293356613660773e+00
1.013047907549420756e+00
1.034793015008397710e+00
1.040696121574961941e+00
1.047849261937079834e+00
1.022434282320534793e+00
