1.056285419006722348e+00
1.021380046336976655e+00
1.096157846939082026e+00
1.030795354656118823e+00
1.085164569171042981e+00
1.101145600109511680e+00
1.011938274724791587e+00
1.066990739177058334e+00
1.022796097142152139e+00
1.072262640950747192e+00
1.082225966052543287e+00
1.018555924855383266e+00
1.103030378340930318e+00
1.137046683771926858e+00
1.098066408847895525e+00
1.069564766415933788e+00
1.041904488049928412e+00
1.063314460521987526e+00
1.060551980819790074e+00
1.178137039567724864e+00
1.166055726241056245e+00
1.084378103204073573e+00
1.033125428805627966e+00
1.089611357540663850e+00
1.090154533363289602e+00
1.041659589735106861e+00
1.239365839981567241e+00
1.065847039436009114e+00
1.180022645570008022e+00
1.022037416813349475e+00
1.058196663940828897e+00
1.113398981557780498e+00
1.042281807605493382e+00
1.084919892036503519e+00
1.031515808822609070e+00
1.051600092170442924e+00
1.044712774573604674e+00
1.030157291860124946e+00
1.029413028258576057e+00
1.103404558014786874e+00
1.047234986291909697e+00
1.075742653610039401e+00
1.017934750113832720e+00
1.036089177004954287e+00
1.058088794894709972e+00
1.038877641638255023e+00
1.070802901016516540e+00
1.009439716455358793e+00
1.088831852052860594e+00
1.111062448671285452e+00
1.079902713243029666e+00
